ZAWODNIK,KLUB,GOLE,ASYSTY,KANADYJSKA,G rez,AS rez,G 1-0/0-1
Carlitos,Wisła Kraków,24,7,31,0,0,12
Igor Angulo,Górnik Zabrze,22,3,25,0,0,8
Krzysztof Piątek,Cracovia,21,4,25,3,0,5
Christian Gytkjaer,Lech Poznań,19,1,20,3,0,4
Jakub Świerczok,Zagłębie Lubin,16,3,19,3,0,3
Marcin Robak,Śląsk Wrocław,19,0,19,0,0,8
Adam Frączczak,Pogoń Szczecin,14,5,19,0,0,2
Marco Paixao,Lechia Gdańsk,16,2,18,0,0,5
Rafał Kurzawa,Górnik Zabrze,2,16,18,0,0,0
Arvydas Novikovas,Jagiellonia,9,8,17,2,1,4
Damian Kądzior,Górnik Zabrze,10,5,15,0,0,3
Jarosław Niezgoda,Legia Warszawa,13,2,15,0,0,8
Kasper Hamalainen,Legia Warszawa,8,6,14,1,2,4
Mateusz Szwoch,Arka Gdynia,10,4,14,0,0,3
Arkadiusz Piech,Śląsk Wrocław,10,3,13,2,1,3
Nika Kaczarawa,Korona Kielce,7,6,13,0,1,2
Flavio Paixao,Lechia Gdańsk,10,3,13,2,0,3
Darko Jevtić,Lech Poznań,5,7,12,2,1,2
Semir Stilić,Wisła Płock,4,8,12,1,1,1
Łukasz Wolsztyński,Górnik Zabrze,4,7,11,0,0,1
Michał Kucharczyk,Legia Warszawa,7,4,11,3,1,1
Robert Pich,Śląsk Wrocław,6,5,11,1,0,3
Goran Cvijanović,Korona Kielce,8,3,11,2,1,4
Jesus Imaz,Wisła Kraków,8,3,11,0,0,3
Michal Papadopulos,Piast Gliwice,9,1,10,4,0,2
Michał Helik,Cracovia,8,2,10,0,0,5
Maciej Makuszewski,Lech Poznań,5,5,10,0,3,1
Aleksandyr Kolew,Sandecja,7,3,10,0,1,3
Nico Varela,Wisła Płock,8,2,10,0,0,5
Giorgi Merebaszwili,Wisła Płock,5,5,10,0,1,0
Jose Kante,Wisła Płock,9,1,10,1,0,4
Dominik Furman,Wisła Płock,2,7,9,0,0,1
Filip Starzyński,Zagłębie Lubin,6,3,9,1,0,3
Maciej Gajos,Lech Poznań,4,5,9,0,0,2
Łukasz Piątek,Bruk-Bet,6,3,9,0,0,4
Fedor Cernych,Jagiellonia,3,6,9,0,1,2
Taras Romanczuk,Jagiellonia,5,4,9,0,0,3
Sławomir Peszko,Lechia Gdańsk,4,5,9,0,1,0
Kamil Drygas,Pogoń Szczecin,5,4,9,0,0,4
Przemysław Frankowski,Jagiellonia,4,5,9,0,0,2
Szymon Żurkowski,Górnik Zabrze,2,6,8,0,0,0
Jakub Kosecki,Śląsk Wrocław,4,4,8,0,0,0
Arkadiusz Reca,Wisła Płock,3,5,8,1,0,1
Sasa Zivec,Piast Gliwice,6,2,8,0,0,1
Jacek Kiełb,Korona Kielce,6,2,8,1,0,2
Samuel Stefanik,Bruk-Bet,6,2,8,1,1,2
Javi Hernandez,Cracovia,5,3,8,0,0,1
Filip Piszczek,Sandecja,6,2,8,1,0,1
Cillian Sheridan,Jagiellonia,6,1,7,1,1,3
Adrian Danek,Sandecja,3,4,7,2,3,1
Wojciech Trochim,Sandecja,6,1,7,3,0,3
Damian Zbozień,Arka Gdynia,3,4,7,0,1,2
Martin Pospisil,Jagiellonia,5,2,7,0,0,2
Adam Buksa,Zagłębie/Pogoń,5,2,7,2,0,1
Mateusz Wieteska,Górnik Zabrze,7,0,7,0,0,2
Ricardo Nunes,Pogoń Szczecin,2,5,7,0,0,1
Zoran Arsenić,Wisła Kraków,3,4,7,0,0,1
Karol Świderski,Jagiellonia,5,2,7,3,1,0
Spas Delew,Pogoń Szczecin,5,2,7,0,0,3
Szymon Pawłowski,Bruk-Bet,3,4,7,0,0,1
Jakub Mares,Zagłębie Lubin,4,3,7,0,0,1
Armando Sadiku,Legia Warszawa,2,4,6,1,2,1
Łukasz Sekulski,Jagiellonia,4,2,6,1,1,1
Łukasz Trałka,Lech Poznań,6,0,6,0,0,2
Mario Situm,Lech Poznań,2,4,6,0,1,1
Szymon Drewniak,Cracovia,0,6,6,0,0,0
Alan Czerwiński,Zagłębie Lubin,1,5,6,0,0,0
Radosław Majewski,Lech Poznań,2,4,6,0,0,0
Michał Koj,Górnik Zabrze,3,3,6,0,0,1
Sebastian Szymański,Legia Warszawa,4,2,6,1,0,2
Bartłomiej Pawłowski,Zagłębie Lubin,3,3,6,1,0,1
Patryk Tuszyński,Zagłębie Lubin,5,1,6,1,0,2
Damian Szymański,Wisła Płock,4,2,6,0,0,1
Roman Gergel,Bruk-Bet,3,3,6,0,2,2
Guilherme Sitya,Jagiellonia,0,6,6,0,0,0
Tomasz Jodłowiec,Piast Gliwice,1,5,6,0,0,0
Adam Marciniak,Arka Gdynia,2,3,5,0,0,1
Ken Kallaste,Korona Kielce,1,4,5,0,0,0
Łukasz Kosakiewicz,Korona Kielce,1,4,5,0,1,0
Maciej Jankowski,Piast/Arka,3,2,5,0,1,1
Milos Krasić,Lechia Gdańsk,1,4,5,0,0,0
Sergei Zenjov,Cracovia,3,2,5,0,2,2
Piotr Celeban,Śląsk Wrocław,5,0,5,0,0,2
Rafał Boguski,Wisła Kraków,4,1,5,2,0,1
Martin Bukata,Piast Gliwice,2,3,5,0,0,0
Michał Chrapek,Śląsk Wrocław,1,4,5,0,0,1
Bartosz Rymaniak,Korona Kielce,3,2,5,0,0,0
Kamil Biliński,Wisła Płock,5,0,5,1,0,1
Ruben Jurado,Arka Gdynia,5,0,5,1,0,2
Mateusz Szczepaniak,Cracovia/Piast,3,2,5,0,0,3
Cristian Pasquato,Legia Warszawa,2,3,5,0,2,1
Patryk Lipski,Lechia Gdańsk,1,4,5,0,0,1
Joao Oliveira,Lechia Gdańsk,3,2,5,2,0,0
Rafał Siemaszko,Arka Gdynia,5,0,5,0,0,3
Elia Soriano,Korona Kielce,5,0,5,1,0,1
Martin Konczkowski,Piast Gliwice,1,4,5,0,0,0
Konrad Michalak,Wisła Płock,1,4,5,0,0,0
Deniss Rakels,Lech/Cracovia,1,4,5,0,2,0
Jakub Bartkowski,Wisła Kraków,2,3,5,0,0,2
Jakub Piotrowski,Pogoń Szczecin,3,2,5,0,0,0
Alan Uryga,Wisła Płock,4,1,5,0,0,2
Adam Gyurcso,Pogoń Szczecin,2,2,4,0,0,1
Dani Suarez,Górnik Zabrze,4,0,4,1,0,2
Gerard Badia,Piast Gliwice,2,2,4,1,0,0
Marcin Warcholak,Arka Gdynia,3,1,4,0,0,0
Robert Gumny,Lech Poznań,0,4,4,0,0,0
Sito Riera,Śląsk Wrocław,0,4,4,0,1,0
Marcin Cebula,Korona Kielce,2,2,4,0,0,0
Ivan Jukić,Korona Kielce,4,0,4,1,0,0
Kamil Jóźwiak,Lech Poznań,3,1,4,2,0,2
Vladislavs Gutkovskis,Bruk-Bet,3,1,4,1,1,1
Patrik Mraz,Sandecja,1,3,4,0,0,0
Mateusz Piątkowski,Wisła Płock,2,2,4,0,0,0
Grzegorz Piesio,Arka Gdynia,1,3,4,1,1,0
Gabriel Iancu,Bruk-Bet,2,2,4,1,1,1
Filip Jagiełło,Zagłębie Lubin,1,3,4,0,1,0
Mateusz Możdżeń,Korona Kielce,2,2,4,1,0,1
Simeon Sławczew,Lechia Gdańsk,1,3,4,0,1,0
Michal Piter-Bućko,Sandecja,3,1,4,0,0,1
Bartosz Śpiączka,Bruk-Bet,3,1,4,0,0,1
Maciej Małkowski,Sandecja,1,3,4,0,0,0
Karol Angielski,Piast Gliwice,2,2,4,1,2,0
Bartosz Kwiecień,Jagiellonia,3,1,4,0,0,0
Miroslav Radović,Legia Warszawa,2,2,4,2,0,0
Roman Bezjak,Jagiellonia,3,1,4,0,0,1
Marko Vesović,Legia Warszawa,1,3,4,0,0,1
Lasza Dwali,Pogoń Szczecin,2,2,4,0,0,0
Damian Byrtek,Wisła Płock,2,1,3,0,0,2
Maciej Sadlok,Wisła Kraków,0,3,3,0,0,0
Paweł Stolarski,Lechia Gdańsk,0,3,3,0,0,0
Jakub Bartosz,Wisła K/Sandecja,1,2,3,1,1,0
Nicklas Barkroth,Lech Poznań,0,3,3,0,3,0
Patryk Małecki,Wisła Kraków,1,2,3,0,0,1
Nabil Aankour,Korona Kielce,2,1,3,0,0,0
Maciej Górski,Korona Kielce,2,1,3,0,0,0
Michal Siplak,Cracovia,1,2,3,0,0,1
Patryk Dziczek,Piast Gliwice,1,2,3,0,0,0
Tomasz Brzyski,Sandecja,0,3,3,0,1,0
Mateusz Cetnarski,Sandecja,2,1,3,0,0,0
Guilherme,Legia Warszawa,3,0,3,0,0,2
Łukasz Burliga,Jagiellonia,1,2,3,0,0,0
Martin Miković,Bruk-Bet,0,3,3,0,0,0
Łukasz Madej,Śląsk Wrocław,1,2,3,1,0,0
Piotr Wlazło,Jagiellonia,2,1,3,1,0,0
Bartosz Szeliga,Bruk-Bet,1,2,3,0,0,1
David Niepsuj,Pogoń Szczecin,1,2,3,0,0,0
Kamil Wojtkowski,Wisła Kraków,1,2,3,0,1,0
Thibault Moulin,Legia Warszawa,2,1,3,1,0,1
Rafał Wolski,Lechia Gdańsk,1,2,3,0,0,0
Piotr Malarczyk,Cracovia/Korona,1,2,3,0,0,1
Radek Dejmek,Korona Kielce,1,2,3,0,1,0
Mateusz Mak,Piast Gliwice,2,1,3,1,1,1
Joel Valencia,Piast Gliwice,3,0,3,1,0,1
Michał Marcjanik,Arka Gdynia,2,1,3,0,0,1
Mihai Radut,Lech Poznań,0,3,3,0,1,0
Vlastimir Jovanović,Bruk-Bet,2,1,3,0,0,0
Szymon Matuszek,Górnik Zabrze,3,0,3,0,0,1
Miroslav Covilo,Cracovia,1,2,3,0,0,0
Matic Fink,Cracovia,2,1,3,0,0,1
Igors Tarasovs,Śląsk Wrocław,1,2,3,0,0,0
Siergiej Kriwiec,Arka Gdynia,2,1,3,0,0,0
Luka Zarandia,Arka Gdynia,1,2,3,0,0,0
Lubomir Guldan,Zagłębie Lubin,1,2,3,0,0,1
Emir Dilaver,Lech Poznań,3,0,3,0,0,1
Paweł Brożek,Wisła Kraków,1,2,3,1,0,0
Wołodymyr Kostewycz,Lech Poznań,0,3,3,0,0,0
Cafu,Legia Warszawa,2,1,3,0,0,1
Milan Dimun,Cracovia,3,0,3,0,0,1
Marcin Urynowicz,Górnik Zabrze,3,0,3,0,0,3
Dariusz Formella,Pogoń Szczecin,2,0,2,1,0,2
Dominik Nagy,Legia Warszawa,1,1,2,0,0,1
Michał Nalepa I,Arka Gdynia,1,1,2,1,0,0
Patryk Kun,Arka Gdynia,2,0,2,0,0,2
Petar Brlek,Wisła Kraków,2,0,2,0,0,1
Martin Nespor,Zagłębie Lubin,2,0,2,0,0,2
David Guba,Bruk-Bet,2,0,2,2,0,0
Nicki Bille Nielsen,Lech Poznań,1,1,2,0,0,1
Josip Barisić,Piast Gliwice,1,1,2,1,1,0
Dorde Cotra,Śląsk Wrocław,0,2,2,0,0,0
Daniel Dziwniel,Zagłębie Lubin,0,2,2,0,0,0
Arkadiusz Woźniak,Zagłębie Lubin,0,2,2,0,0,0
Krzysztof Mączyński,Legia Warszawa,1,1,2,0,0,0
Rafał Wolsztyński,Górnik Zabrze,2,0,2,2,0,0
Bartłomiej Dudzic,Sandecja,2,0,2,0,0,1
Stojan Vranjes,Piast Gliwice,1,1,2,0,1,0
Michael Gardawski,Korona Kielce,0,2,2,0,0,0
Romario Balde,Lechia Gdańsk,1,1,2,1,1,0
Błażej Augustyn,Lechia Gdańsk,2,0,2,0,0,2
Łukasz Zwoliński,Pogoń Szczecin,1,1,2,1,1,0
Adnan Kovacević,Korona Kielce,0,2,2,0,0,0
Jarosław Kubicki,Zagłębie Lubin,1,1,2,0,0,1
Igor Łasicki,Wisła Płock,2,0,2,0,0,1
Łukasz Broź,Legia Warszawa,1,1,2,0,0,1
Kamil Pestka,Cracovia,0,2,2,0,0,0
Sasa Balić,Zagłębie Lubin,1,1,2,0,0,0
Konstantin Vassiljev,Piast Gliwice,1,1,2,1,0,1
Frederik Helstrup,Arka Gdynia,0,2,2,0,0,0
Grzegorz Kuświk,Lechia Gdańsk,0,2,2,0,2,0
Artem Putiwcew,Bruk-Bet,1,1,2,0,0,0
Eduardo,Legia Warszawa,0,2,2,0,1,0
Cornel Rapa,Pogoń Szczecin,0,2,2,0,0,0
Morten Rasmussen,Pogoń Szczecin,1,1,2,0,0,0
Ołeksij Chobłenko,Lech Poznań,2,0,2,2,0,1
William Remy,Legia Warszawa,1,1,2,0,0,0
Tomasz Cywka,Wisła Kraków,0,2,2,0,0,0
Pawło Ksionz,Sandecja,0,2,2,0,1,0
Tomasz Hołota,Pogoń Szczecin,1,1,2,0,0,0
Augusto,Śląsk Wrocław,0,2,2,0,0,0
Enrique Esqueda,Arka Gdynia,2,0,2,2,0,0
Sanel Kapidzić,Korona Kielce,2,0,2,1,0,1
Mateusz Cholewiak,Śląsk Wrocław,1,1,2,0,0,1
Ivan Runje,Jagiellonia,1,1,2,0,0,0
Tom Hateley,Piast Gliwice,1,1,2,0,0,0
Daniel Łuczak,Śląsk Wrocław,1,1,2,0,1,1
Adam Mójta,Piast Gliwice,0,1,1,0,1,0
Dawid Kort,Pogoń Szczecin,0,1,1,0,0,0
Mateusz Matras,Lechia/Zagłębie,1,0,1,0,0,0
Sebastian Rudol,Pogoń Szczecin,1,0,1,0,0,0
Daniel Łukasik,Lechia Gdańsk,0,1,1,0,0,0
Patryk Fryc,Bruk-Bet,0,1,1,0,0,0
Artur Jędrzejczyk,Legia Warszawa,0,1,1,0,0,0
Kamil Słaby,Bruk-Bet,1,0,1,0,0,0
Michał Mak,Śląsk Wrocław,1,0,1,0,0,0
Jarosław Jach,Zagłębie Lubin,1,0,1,0,0,1
Mateusz Wdowiak,Cracovia,1,0,1,0,0,0
Jaroslav Mihalik,Cracovia,0,1,1,0,0,0
Patrik Misak,Bruk-Bet,0,1,1,0,0,0
Lukas Kubań,Sandecja,0,1,1,0,0,0
Yannick Kakoko,Arka Gdynia,1,0,1,0,0,0
Jakub Wawrzyniak,Lechia Gdańsk,0,1,1,0,0,0
Dawid Sołdecki,Arka Gdynia,0,1,1,0,0,0
Joao Nunes,Lechia Gdańsk,0,1,1,0,1,0
Aleksandar Sedlar,Piast Gliwice,1,0,1,0,0,1
Lennard Sowah,Cracovia,0,1,1,0,0,0
Vitalijs Maksimenko,Bruk-Bet,1,0,1,0,0,0
Jakub Żubrowski,Korona Kielce,0,1,1,0,0,0
Victor Perez,Wisła Kraków,1,0,1,0,0,0
Aleksander Jagiełło,Piast Gliwice,0,1,1,0,1,0
Antoni Łukasiewicz,Arka Gdynia,1,0,1,0,0,1
Mathieu Scalet,Śląsk Wrocław,0,1,1,0,1,0
Maciej Dąbrowski,Legia/Zagłębie,1,0,1,0,0,0
Mariusz Pawelec,Śląsk Wrocław,0,1,1,0,0,0
Marcin Wasilewski,Wisła Kraków,1,0,1,0,0,1
Sebastian Bergier,Śląsk Wrocław,0,1,1,0,0,0
Elhadji Pape Diaw,Korona Kielce,1,0,1,0,0,0
Marcin Pietrowski,Piast Gliwice,0,1,1,0,0,0
Adam Chrzanowski,Lechia Gdańsk,1,0,1,0,0,0
Joona Toivio,Bruk-Bet,1,0,1,0,0,0
Kamil Mazek,Zagłębie Lubin,1,0,1,0,0,1
Kamil Vacek,Śląsk Wrocław,0,1,1,0,1,0
Nikola Vujadinović,Lech Poznań,0,1,1,0,0,0
Nemanja Mitrović,Jagiellonia,1,0,1,0,0,0
Ołeksij Dytiatjew,Cracovia,1,0,1,0,0,0
Rafał Janicki,Lech Poznań,0,1,1,0,1,0
Jakub Wójcicki,Jagiellonia,1,0,1,1,0,0
Adam Wolniewicz,Górnik Zabrze,0,1,1,0,0,0
Fran Velez,Wisła Kraków,1,0,1,0,0,0
Andrij Bohdanow,Arka Gdynia,1,0,1,0,0,1
Jakub Czerwiński,Piast Gliwice,1,0,1,0,0,1
Paweł Żyra,Zagłębie Lubin,0,1,1,0,0,0
Oskar Zawada,Wisła Płock,0,1,1,0,1,0
Adam Matuszczyk,Zagłębie Lubin,0,1,1,0,0,0
Steven Vitoria,Lechia Gdańsk,1,0,1,0,0,0
Kamil Dankowski,Śląsk Wrocław,0,1,1,0,0,0
Tibor Halilović,Wisła Kraków,1,0,1,0,0,0
Damir Sovsić,Sandecja,0,1,1,0,0,0
Nicolai Brock-Madsen,Cracovia,1,0,1,0,0,0
Rafał Grzelak,Bruk-Bet,1,0,1,0,0,0
Daniel Smuga,Górnik Zabrze,0,1,1,0,0,0
Pol Llonch,Wisła Kraków,0,1,1,0,0,0
Michał Nalepa II,Lechia Gdańsk,1,0,1,0,0,1
Paweł Bochniewicz,Górnik Zabrze,1,0,1,0,0,0
Nikola Mitrović,Wisła Kraków,0,1,1,0,0,0
Krzysztof Janus,Arka Gdynia,1,0,1,0,0,1
Jakub Tosik,Zagłębie Lubin,1,0,1,0,0,0
Domagoj Antolić,Legia Warszawa,1,0,1,0,0,1
