ZAWODNIK,KLUB,MECZE,PEŁNE,"W 1. ""11""",Z ŁAWKI,"W ""20""",CZAS
Lukas Hrosso,Cracovia,3,3,3,0,30,270
Sebastian Madejski,Cracovia,0,0,0,0,1,0
Karol Niemczycki,Cracovia,31,31,31,0,33,2790
Adam Wilk,Cracovia,0,0,0,0,4,0
Krystian Bracik,Cracovia,0,0,0,0,2,0
Virgil Ghita,Cracovia,34,34,34,0,34,3060
Arttu Hoskonen,Cracovia,11,7,9,2,16,776
Oliwier Hyla,Cracovia,0,0,0,0,1,0
David Jablonsky,Cracovia,15,11,14,1,21,1202
Paweł Jaroszyński,Cracovia,21,6,12,9,21,1194
Jakub Jugas,Cracovia,26,21,24,2,27,2163
Otar Kakabadze,Cracovia,27,17,20,7,27,1961
Kamil Pestka,Cracovia,6,2,6,0,6,420
Cornel Rapa,Cracovia,26,13,19,7,33,1664
Matej Rodin,Cracovia,14,12,14,0,14,1208
Michal Siplak,Cracovia,21,7,13,8,25,1155
Michał Stachera,Cracovia,1,1,1,0,10,90
Jani Atanasov,Cracovia,15,4,10,5,15,920
Marcin Budziński,Cracovia,0,0,0,0,4,0
Sergiu Hanca,Cracovia,0,0,0,0,1,0
Mathias Hebo Rasmussen,Cracovia,12,7,11,1,13,940
Kacper Jodłowski,Cracovia,4,0,0,4,20,9
Jewhen Konoplanka,Cracovia,26,0,12,14,27,1227
Karol Knap,Cracovia,30,6,17,13,34,1419
Bartłomiej Kolec,Cracovia,1,0,0,1,1,3
Florian Loshaj,Cracovia,15,1,7,8,17,805
Sylwester Lusiusz,Cracovia,0,0,0,0,1,0
Jakub Myszor,Cracovia,20,0,9,11,23,757
Takuto Oshima,Cracovia,32,18,26,6,33,2389
Michał Rakoczy,Cracovia,30,2,25,5,32,1861
Filip Rózga,Cracovia,1,0,0,1,1,2
Thiago,Cracovia,0,0,0,0,8,0
Patryk Zaucha,Cracovia,1,0,0,1,5,1
Filip Balaj,Cracovia,6,0,0,6,12,38
Mateusz Bochnak,Cracovia,16,5,9,7,17,797
Benjamin Kallman,Cracovia,34,11,24,10,34,2297
Przemysław Kapek,Cracovia,0,0,0,0,10,0
Patryk Makuch,Cracovia,32,11,24,8,33,2172
Sebastian Strózik,Cracovia,1,0,0,1,3,1
Kacper Śmiglewski,Cracovia,3,0,0,3,6,17
Daniel Bielica,Górnik Z,24,24,24,0,34,2160
Kevin Broll,Górnik Z,10,9,10,0,16,894
Pawieł Pawluczenko,Górnik Z,0,0,0,0,4,0
Paweł Sokół,Górnik Z,0,0,0,0,14,0
Emil Bergstrom,Górnik Z,25,20,23,2,25,2120
Kacper Capiga,Górnik Z,0,0,0,0,1,0
Rafał Janicki,Górnik Z,16,12,14,2,16,1245
Erik Janza,Górnik Z,32,31,32,0,32,2871
Richard Jensen,Górnik Z,29,19,28,1,30,2258
Jonatan Kotzke,Górnik Z,16,5,11,5,18,903
Paweł Olkowski,Górnik Z,26,5,20,6,33,1605
Aleksander Paluszek,Górnik Z,17,7,10,7,32,968
Boris Sekulić,Górnik Z,11,7,9,2,12,804
Kryspin Szcześniak,Górnik Z,14,9,11,3,23,1030
Jakub Szymański,Górnik Z,3,0,1,2,11,89
Mateusz Cholewiak,Górnik Z,22,1,7,15,28,792
Robert Dadok,Górnik Z,28,3,15,13,31,1298
Adrian Dziedzic,Górnik Z,0,0,0,0,1,0
Bartłomiej Eizenchart,Górnik Z,0,0,0,0,2,0
Robin Kamber,Górnik Z,4,0,1,3,12,72
Krzysztof Kolanko,Górnik Z,4,0,0,4,7,24
Krzysztof Kubica,Górnik Z,4,0,0,4,4,105
Alasana Manneh,Górnik Z,4,1,4,0,4,316
Amadej Marosa,Górnik Z,5,0,0,5,12,112
Jean Mvondo,Górnik Z,27,11,20,7,30,1705
Bartosz Nowak,Górnik Z,2,1,2,0,2,176
Kanji Okunuki,Górnik Z,26,8,18,8,27,1723
Jakub Pochcioł,Górnik Z,0,0,0,0,3,0
Damian Rasak,Górnik Z,12,9,12,0,12,1059
Dariusz Stalmach,Górnik Z,3,0,0,3,6,56
Blaz Vrhovec,Górnik Z,13,1,6,7,21,537
Norbert Wojtuszek,Górnik Z,18,4,8,10,21,835
Daisuke Yokota,Górnik Z,13,4,12,1,14,992
Nikodem Zielonka,Górnik Z,1,0,0,1,3,13
Jan Ciućka,Górnik Z,0,0,0,0,1,0
Piotr Krawczyk,Górnik Z,24,2,12,12,30,1183
Dani Pacheco,Górnik Z,28,9,19,9,31,1749
Lukas Podolski,Górnik Z,29,18,25,4,30,2258
Anthony van den Hurk,Górnik Z,6,0,2,4,10,207
Szymon Włodarczyk,Górnik Z,30,0,18,12,33,1492
Sławomir Abramowicz,Jagiellonia,3,2,2,1,33,225
Zlatan Alomerović,Jagiellonia,32,31,32,0,33,2835
Bartłomiej Żynel,Jagiellonia,0,0,0,0,2,0
Jakub Lewicki,Jagiellonia,19,4,14,5,32,1189
Miłosz Matysik,Jagiellonia,15,6,10,5,23,961
Bojan Nastić,Jagiellonia,21,15,19,2,24,1664
Paweł Olszewski,Jagiellonia,11,0,3,8,21,274
Michał Ozga,Jagiellonia,0,0,0,0,3,0
Michał Pazdan,Jagiellonia,14,7,12,2,20,996
Israel Puerto,Jagiellonia,26,18,23,3,30,2035
Dusan Stojinović,Jagiellonia,12,7,9,3,17,817
Bogdan Tiru,Jagiellonia,15,14,15,0,15,1336
Bartłomiej Wdowik,Jagiellonia,26,10,16,10,30,1667
Bartosz Bernatowicz,Jagiellonia,0,0,0,0,2,0
Bartosz Bida,Jagiellonia,15,0,10,5,24,680
Juan Camara,Jagiellonia,8,0,3,5,14,197
Fedor Cernych,Jagiellonia,16,2,9,7,17,767
Jesus Imaz,Jagiellonia,33,24,32,1,34,2806
Mateusz Kowalski,Jagiellonia,11,0,1,10,14,196
Tomasz Kupisz,Jagiellonia,16,3,4,12,20,603
Wojciech Łaski,Jagiellonia,12,0,2,10,17,348
Nene,Jagiellonia,30,14,25,5,30,2292
Aurelien Nguiamba,Jagiellonia,11,1,5,6,14,472
Martin Pospisil,Jagiellonia,16,6,9,7,20,809
Tomas Prikryl,Jagiellonia,30,12,26,4,31,2219
Taras Romanczuk,Jagiellonia,24,14,22,2,25,1885
Michal Sacek,Jagiellonia,14,7,12,2,16,1005
Mateusz Skrzypczak,Jagiellonia,26,18,23,3,27,1984
Oliwier Wojciechowski,Jagiellonia,7,1,3,4,19,303
Damian Wojdakowski,Jagiellonia,0,0,0,0,1,0
Maciej Bortniczuk,Jagiellonia,10,0,2,8,19,229
Marc Gual,Jagiellonia,31,10,27,4,31,2369
Camilo Mena,Jagiellonia,7,0,1,6,9,169
Andrzej Trubeha,Jagiellonia,7,0,3,4,11,239
Maciej Twarowski,Jagiellonia,1,0,0,1,2,3
Konrad Forenc,Korona,20,20,20,0,29,1800
Rafał Mamla,Korona,0,0,0,0,6,0
Marcel Zapytowski,Korona,14,14,14,0,33,1260
Sasa Balić,Korona,11,8,11,0,15,848
Marius Briceag,Korona,17,16,17,0,17,1513
Roberto Corral,Korona,5,2,3,2,9,250
Marcus Godinho,Korona,15,2,6,9,17,606
Piotr Malarczyk,Korona,17,13,17,0,21,1438
Kyryło Petrow,Korona,26,15,25,1,28,2085
Radosław Seweryś,Korona,0,0,0,0,6,0
Grzegorz Szymusik,Korona,7,2,3,4,10,362
Miłosz Trojak,Korona,33,31,33,0,33,2960
Dawid Więckowski,Korona,2,2,2,0,3,180
Dominick Zator,Korona,17,16,17,0,17,1510
Dawid Błanik,Korona,27,0,11,16,28,1193
Adrian Danek,Korona,18,11,13,5,28,1198
Adam Deja,Korona,19,5,15,4,29,1269
Ronaldo Deaconu,Korona,27,11,23,4,31,1966
Filipe Oliveira,Korona,0,0,0,0,1,0
Jacek Kiełb,Korona,21,0,2,19,30,433
Jakub Konstantyn,Korona,1,0,0,1,4,13
Bartosz Kwiecień,Korona,5,0,0,5,6,68
Jakub Łukowski,Korona,34,9,34,0,34,2664
Janusz Nojszewski,Korona,5,0,0,5,7,80
Nono,Korona,16,5,16,0,16,1171
Jacek Podgórski,Korona,28,3,16,12,31,1493
Oskar Sewerzyński,Korona,15,2,8,7,16,763
Łukasz Sierpina,Korona,6,1,3,3,8,341
Miłosz Strzeboński,Korona,0,0,0,0,1,0
Marcin Szpakowski,Korona,21,2,8,13,30,860
Dalibor Takac,Korona,27,1,15,12,32,1158
Luka Zarandia,Korona,7,0,0,7,7,134
Mario Zebić,Korona,8,4,5,3,11,492
Adam Frączczak,Korona,9,0,2,7,13,318
Kacper Kostorz,Korona,12,0,0,12,14,137
Hubert Szulc,Korona,1,0,0,1,4,5
Jewgienij Szykawka,Korona,31,5,22,9,34,1870
Bartosz Śpiączka,Korona,17,6,13,4,17,1111
Krzysztof Bąkowski,Lech,0,0,0,0,2,0
Filip Bednarek,Lech,32,32,32,0,34,2880
Karol Drażdżewski,Lech,0,0,0,0,1,0
Dominik Holec,Lech,1,1,1,0,18,90
Artur Rudko,Lech,1,1,1,0,14,90
Alan Czerwiński,Lech,22,10,17,5,27,1426
Filip Dagerstal,Lech,20,17,18,2,26,1665
Barry Douglas,Lech,16,10,12,4,21,1119
Michał Gurgul,Lech,3,0,1,2,5,90
Adrian Laskowski,Lech,0,0,0,0,1,0
Antonio Milić,Lech,23,18,22,1,25,1853
Patryk Olejnik,Lech,0,0,0,0,1,0
Joel Pereira,Lech,31,21,24,7,34,2257
Maksymilian Pingot,Lech,5,3,4,1,9,387
Pedro Rebocho,Lech,19,14,17,2,29,1539
Bartosz Salamon,Lech,10,7,7,3,12,729
Lubomir Satka,Lech,13,12,13,0,21,1140
Bartosz Tomaszewski,Lech,0,0,0,0,2,0
Mateusz Żukowski,Lech,3,0,0,3,7,72
Joao Amaral,Lech,21,3,6,15,25,781
Jakub Antczak,Lech,1,0,0,1,5,19
Adriel Ba Loua,Lech,20,1,8,12,22,785
Heorhij Citaiszwili,Lech,12,0,7,5,27,655
Jesper Karlstrom,Lech,31,15,27,4,32,2279
Antoni Kozubal,Lech,0,0,0,0,4,0
Nika Kwekweskiri,Lech,28,8,19,9,32,1681
Filip Marchwiński,Lech,27,3,17,10,31,1437
Radosław Murawski,Lech,31,14,21,10,32,1919
Dani Ramirez,Lech,0,0,0,0,1,0
Michał Skóraś,Lech,32,12,26,6,32,2261
Afonso Sousa,Lech,24,2,16,8,28,1338
Kristoffer Velde,Lech,30,4,20,10,31,1635
Mikael Ishak,Lech,23,10,20,3,25,1731
Artur Sobiech,Lech,15,3,5,10,24,556
Filip Szymczak,Lech,21,7,12,9,23,1160
Filip Wilak,Lech,3,0,0,3,3,26
Michał Buchalik,Lechia,5,4,4,1,33,383
Bartłomiej Kałduński,Lechia,0,0,0,0,1,0
Dusan Kuciak,Lechia,30,28,30,0,30,2655
Antoni Mikułko,Lechia,0,0,0,0,4,0
Joel Abu Hanna,Lechia,14,7,13,1,24,994
Jakub Bartkowski,Lechia,16,10,13,3,16,1179
Bartosz Brzęk,Lechia,0,0,0,0,8,0
Henrik Castegren,Lechia,7,4,7,0,22,592
Mario Maloca,Lechia,27,24,26,1,30,2339
Michał Nalepa II,Lechia,23,20,22,1,25,2023
Rafał Pietrzak,Lechia,34,25,30,4,34,2667
David Stec,Lechia,17,10,13,4,21,1181
Kristers Tobers,Lechia,27,13,22,5,32,1834
Jan Biegański,Lechia,4,0,0,4,6,40
Christian Clemens,Lechia,10,1,5,5,13,454
Conrado,Lechia,21,4,16,5,22,1380
Joeri de Kamps,Lechia,10,0,6,4,14,412
Ilkay Durmus,Lechia,25,7,22,3,26,1699
Maciej Gajos,Lechia,29,8,22,7,32,1893
Jakub Kałuziński,Lechia,24,4,11,13,32,1177
Filip Koperski,Lechia,7,1,2,5,9,213
Jarosław Kubicki,Lechia,31,20,27,4,32,2460
Tomasz Neugebauer,Lechia,2,0,1,1,9,66
Krystian Okoniewski,Lechia,0,0,0,0,1,0
Dominik Piła,Lechia,15,3,7,8,32,688
Marco Terrazzino,Lechia,27,3,12,15,33,1369
Bassekou Diabate,Lechia,23,1,10,13,32,931
Kevin Friesenbichler,Lechia,12,0,5,7,15,438
Flavio Paixao,Lechia,26,4,19,7,28,1516
Kacper Sezonienko,Lechia,24,1,8,16,29,828
Łukasz Zjawiński,Lechia,2,0,0,2,2,21
Łukasz Zwoliński,Lechia,27,15,21,6,27,1985
Dominik Hładun,Legia,7,7,7,0,19,630
Cezary Miszta,Legia,0,0,0,0,19,0
Kacper Tobiasz,Legia,27,27,27,0,29,2430
Jakub Trojanowski,Legia,0,0,0,0,1,0
Joel Abu Hanna,Legia,1,1,1,0,4,90
Artur Jędrzejczyk,Legia,26,21,24,2,27,2164
Mattias Johansson,Legia,11,5,10,1,18,772
Filip Mladenović,Legia,26,19,25,1,27,2234
Maik Nawrocki,Legia,25,18,23,2,28,2007
Yuri Ribeiro,Legia,24,20,20,4,33,1833
Lindsay Rose,Legia,17,8,10,7,27,977
Mateusz Wieteska,Legia,2,1,2,0,2,150
Rafał Augustyniak,Legia,25,18,18,7,28,1745
Makana Baku,Legia,22,5,12,10,32,1090
Jurgen Celhaka,Legia,8,1,2,6,18,250
Ihor Charatin,Legia,9,1,3,6,26,287
Jakub Jędrasik,Legia,1,0,0,1,4,3
Josue,Legia,32,19,32,0,32,2789
Bartosz Kapustka,Legia,29,2,23,6,31,1804
Lirim Kastrati,Legia,1,0,0,1,3,14
Jakub Kisiel,Legia,0,0,0,0,1,0
Robert Pich,Legia,17,0,4,13,30,353
Filip Rejczyk,Legia,0,0,0,0,1,0
Kacper Skibicki,Legia,0,0,0,0,2,0
Bartosz Slisz,Legia,32,20,30,2,33,2667
Patryk Sokołowski,Legia,18,1,4,14,34,499
Igor Strzałek,Legia,13,1,2,11,22,309
Paweł Wszołek,Legia,34,20,32,2,34,2743
Carlitos,Legia,21,1,11,10,22,1081
Blaz Kramer,Legia,12,0,0,12,12,204
Ernest Muci,Legia,32,2,24,8,33,1935
Tomas Pekhart,Legia,13,2,9,4,13,772
Maciej Rosołek,Legia,34,7,19,15,34,1754
Mateusz Abramowicz,Miedź,20,20,20,0,33,1800
Filip Chadała,Miedź,0,0,0,0,1,0
Stefanos Kapino,Miedź,4,4,4,0,13,360
Paweł Lenarcik,Miedź,10,10,10,0,24,900
Alan Madaliński,Miedź,0,0,0,0,1,0
Jon Aurtenetxe,Miedź,8,5,6,2,14,517
Jurich Carolina,Miedź,23,18,21,2,26,1893
Jens Gammelby,Miedź,6,3,4,2,6,380
Levent Gulen,Miedź,27,24,26,1,32,2321
Michael Kostka,Miedź,27,6,9,18,31,1033
Carlos Julio Martinez,Miedź,12,8,11,1,15,952
Giannis Massouras,Miedź,14,5,10,4,15,903
Hubert Matynia,Miedź,22,10,18,4,27,1499
Nemanja Mijusković,Miedź,28,27,28,0,31,2486
Andrzej Niewulis,Miedź,15,13,15,0,17,1340
Dimityr Wełkowski,Miedź,14,7,11,3,14,1036
Jeronimo Cacciabue,Miedź,11,6,7,4,16,722
Chuca,Miedź,30,15,25,5,32,2166
Maxime Dominguez,Miedź,29,13,27,2,29,2249
Dawid Drachal,Miedź,16,1,7,9,20,630
Kamil Drygas,Miedź,17,6,14,3,17,1187
Marcin Garuch,Miedź,1,0,0,1,1,5
Mehdi Lehaire,Miedź,7,0,0,7,15,108
Igor Lewandowski,Miedź,0,0,0,0,7,0
Szymon Matuszek,Miedź,14,5,6,8,33,621
Luciano Narsingh,Miedź,29,1,18,11,31,1513
Santiago Naveda,Miedź,17,3,11,6,28,799
Błażej Szczepanek,Miedź,0,0,0,0,2,0
Maciej Śliwa,Miedź,8,0,2,6,18,253
Damian Tront,Miedź,10,5,8,2,13,698
Kamil Zapolnik,Miedź,12,0,3,9,13,405
Emmanuel Agbor,Miedź,1,0,0,1,3,45
Wiktor Bogacz,Miedź,0,0,0,0,2,0
Angelo Henriquez,Miedź,29,7,26,3,29,2138
Olaf Kobacki,Miedź,24,3,15,9,25,1272
Koldo Obieta,Miedź,29,5,12,17,33,1298
Bartłomiej Jelonek,Piast,0,0,0,0,1,0
Frantisek Plach,Piast,34,33,33,1,34,3037
Jakub Szmatuła,Piast,1,0,1,0,1,1
Karol Szymański,Piast,0,0,0,0,33,0
Jakub Czerwiński,Piast,33,31,33,0,33,2903
Jakub Holubek,Piast,21,5,7,14,32,784
Tomas Huk,Piast,1,1,1,0,4,90
Alexandros Katranis,Piast,30,18,28,2,31,2399
Piotr Liszewski,Piast,0,0,0,0,5,0
Bartosz Łuczak,Piast,0,0,0,0,5,0
Tomasz Mokwa,Piast,11,7,8,3,24,821
Ariel Mosór,Piast,28,26,28,0,28,2441
Miguel Munoz,Piast,6,3,4,2,34,461
Constantin Reiner,Piast,12,9,11,1,23,940
Michael Ameyaw,Piast,27,5,16,11,33,1470
Michał Chrapek,Piast,31,13,30,1,32,2453
Patryk Dziczek,Piast,24,16,20,4,24,1823
Jorge Felix,Piast,29,9,18,11,29,1733
Tom Hateley,Piast,31,10,17,14,33,1592
Michał Kaput,Piast,16,0,3,13,31,341
Damian Kądzior,Piast,21,7,17,4,22,1497
Oskar Leśniak,Piast,0,0,0,0,3,0
Arkadiusz Pyrka,Piast,33,17,29,4,34,2380
Grzegorz Tomasiewicz,Piast,33,14,32,1,33,2708
Kristopher Vida,Piast,0,0,0,0,2,0
Gabriel Kirejczyk,Piast,10,0,4,6,20,418
Szczepan Mucha,Piast,6,0,1,5,16,92
Rauno Sappinen,Piast,11,0,5,6,16,413
Alex Sobczyk,Piast,10,0,0,10,14,108
Alberto Toril,Piast,11,0,3,8,16,365
Kamil Wilczek,Piast,28,14,25,3,29,2136
Bartosz Klebaniuk,Pogoń,5,4,4,1,34,406
Maciej Kowal,Pogoń,0,0,0,0,1,0
Dante Stipica,Pogoń,30,29,30,0,33,2654
Jakub Bartkowski,Pogoń,14,11,13,1,15,1151
Leo Borges,Pogoń,15,4,9,6,28,821
Leonardo Koutris,Pogoń,16,12,16,0,16,1383
Danijel Loncar,Pogoń,8,5,6,2,11,515
Mariusz Malec,Pogoń,24,14,15,9,34,1555
Luis Mata,Pogoń,13,6,8,5,15,762
Dawid Rezaeian,Pogoń,0,0,0,0,3,0
Paweł Stolarski,Pogoń,16,3,8,8,32,813
Kryspin Szcześniak,Pogoń,0,0,0,0,2,0
Kostas Triantafyllopoulos,Pogoń,23,15,17,6,29,1565
Linus Wahlqvist,Pogoń,12,5,12,0,13,896
Benedikt Zech,Pogoń,30,27,30,0,30,2637
Wahan Biczachczjan,Pogoń,31,0,13,18,33,1309
Damian Dąbrowski,Pogoń,32,29,32,0,32,2827
Kamil Drygas,Pogoń,12,0,1,11,17,204
Mariusz Fornalczyk,Pogoń,11,0,1,10,18,194
Alexander Gorgon,Pogoń,17,3,6,11,19,659
Kamil Grosicki,Pogoń,34,22,34,0,34,2923
Sebastian Kowalczyk,Pogoń,34,6,25,9,34,2161
Michał Kucharczyk,Pogoń,10,2,5,5,10,517
Rafał Kurzawa,Pogoń,17,2,11,6,20,987
Mateusz Łęgowski,Pogoń,26,7,24,2,31,1699
Adrian Przyborek,Pogoń,3,0,0,3,12,48
Yadegar Rostami,Pogoń,1,0,0,1,6,3
Jean Carlos Silva,Pogoń,15,1,6,9,16,658
Kacper Smoliński,Pogoń,3,1,2,1,10,157
Stanisław Wawrzynowicz,Pogoń,0,0,0,0,3,0
Marcel Wędrychowski,Pogoń,21,0,8,13,27,750
Pontus Almqvist,Pogoń,27,2,16,11,27,1385
Kacper Kostorz,Pogoń,1,0,0,1,3,17
Luka Zahović,Pogoń,32,6,22,10,32,2004
Gabriel Kobylak,Radomiak,29,29,29,0,33,2610
Filip Majchrowicz,Radomiak,3,3,3,0,3,270
Jakub Ojrzyński,Radomiak,1,1,1,0,14,90
Albert Posiadała,Radomiak,1,1,1,0,18,90
Dawid Abramowicz,Radomiak,31,30,31,0,31,2775
Mike Cestor,Radomiak,16,13,13,3,17,1273
Mateusz Cichocki,Radomiak,22,17,21,1,30,1778
Aleksander Gajgier,Radomiak,0,0,0,0,4,0
Mateusz Grzybek,Radomiak,16,11,16,0,16,1351
Damian Jakubik,Radomiak,19,14,17,2,21,1521
Pedro Justiniano,Radomiak,12,6,10,2,30,827
Dariusz Pawłowski,Radomiak,13,1,4,9,17,473
Raphael Rossi,Radomiak,30,26,28,2,31,2522
Roberto Alves,Radomiak,32,17,31,1,32,2640
Frank Castaneda,Radomiak,12,3,7,5,13,635
Berto Cayarga,Radomiak,16,3,11,5,17,1049
Thabo Cele,Radomiak,20,6,12,8,28,1158
Christos Donis,Radomiak,15,2,13,2,17,958
Filipe Nascimento,Radomiak,13,8,13,0,13,1035
Józef Kolasa,Radomiak,0,0,0,0,1,0
Nikolas Korzeniecki,Radomiak,0,0,0,0,3,0
Luizao,Radomiak,11,2,4,7,14,486
Daniel Łukasik,Radomiak,9,0,3,6,14,243
Luis Machado,Radomiak,28,10,26,2,28,2179
Tiago Matos,Radomiak,3,0,0,3,9,52
Jakub Nowakowski,Radomiak,15,2,3,12,32,369
Krystian Okoniewski,Radomiak,6,0,0,6,13,65
Daniel Pik,Radomiak,25,0,6,19,29,714
Francisco Ramos,Radomiak,9,6,9,0,9,784
Lisandro Semedo,Radomiak,32,3,23,9,34,1894
Dominik Sokół,Radomiak,7,0,0,7,17,64
Jakub Snopczyński,Radomiak,0,0,0,0,9,0
Miłosz Żurawski,Radomiak,0,0,0,0,6,0
Michał Feliks,Radomiak,10,0,2,8,14,257
Leonardo Rocha,Radomiak,13,9,13,0,13,1058
Leandro Rossi,Radomiak,15,1,8,7,17,676
Jean Franco Sarmiento,Radomiak,10,3,4,6,17,468
Maurides,Radomiak,16,8,13,3,16,1215
Xavier Dziekoński,Raków,0,0,0,0,2,0
Vladan Kovacević,Raków,28,28,28,0,30,2520
Jakub Rajczykowski,Raków,0,0,0,0,3,0
Kacper Trelowski,Raków,6,6,6,0,33,540
Zoran Arsenić,Raków,31,28,30,1,31,2620
Adrian Gryszkiewicz,Raków,0,0,0,0,6,0
Andrzej Niewulis,Raków,1,0,0,1,1,45
Tomas Petrasek,Raków,13,4,7,6,17,723
Bogdan Racovitan,Raków,13,6,12,1,25,889
Milan Rundić,Raków,18,13,16,2,23,1324
Stratos Svarnas,Raków,29,28,29,0,32,2599
Gustav Berggren,Raków,25,0,5,20,31,611
Marcin Cebula,Raków,13,0,3,10,17,373
Szymon Czyż,Raków,8,3,5,3,12,439
Wiktor Długosz,Raków,18,0,3,15,27,465
Walerian Gwilia,Raków,1,0,1,0,4,75
Władysław Koczerhin,Raków,33,8,26,7,34,2225
Tobiasz Kubik,Raków,1,0,0,1,1,14
Patryk Kun,Raków,24,17,21,3,28,1888
Ben Lederman,Raków,24,3,11,13,28,1180
Bartosz Nowak,Raków,29,3,21,8,31,1635
Giannis Papanikolaou,Raków,31,19,29,2,31,2482
Igor Sapała,Raków,1,0,1,0,2,52
Jean Carlos Silva,Raków,16,7,14,2,16,1282
Deian Sorescu,Raków,11,1,8,3,13,689
Fabio Sturgeon,Raków,1,0,0,1,1,24
Olivier Sukiennicki,Raków,0,0,0,0,2,0
Daniel Szelągowski,Raków,4,0,0,4,8,49
Fran Tudor,Raków,31,24,28,3,31,2490
Mateusz Wdowiak,Raków,30,1,10,20,31,1244
Vladislavs Gutkovskis,Raków,32,2,19,13,33,1768
Ivi Lopez,Raków,27,6,24,3,28,1909
Sebastian Musiolik,Raków,17,0,2,15,27,270
Fabian Piasecki,Raków,23,1,15,8,23,1174
Mateusz Dudek,Stal,0,0,0,0,2,0
Mateusz Kochalski,Stal,0,0,0,0,32,0
Bartosz Mrozek,Stal,34,34,34,0,34,3060
Dominykas Barauskas,Stal,8,6,7,1,9,625
Marcin Flis,Stal,26,26,26,0,26,2340
Krystian Getinger,Stal,34,24,34,0,34,2931
Arkadiusz Kasperkiewicz,Stal,27,16,24,3,32,2057
Kamil Kruk,Stal,20,17,17,3,32,1573
Leandro,Stal,10,0,0,10,34,122
Bartłomiej Ciepiela,Stal,17,1,8,9,20,684
Maciej Domański,Stal,34,14,27,7,34,2439
Fryderyk Gerbowski,Stal,22,3,11,11,27,1045
Konrad Guca,Stal,0,0,0,0,8,0
Koki Hinokio,Stal,14,2,8,6,14,760
Fabian Hiszpański,Stal,31,9,22,9,33,1831
Krystian Kardyś,Stal,3,0,0,3,4,59
Przemysław Maj,Stal,5,0,2,3,7,203
Mateusz Mak,Stal,25,0,8,17,26,924
Mateusz Matras,Stal,31,30,31,0,31,2786
David Poreba,Stal,1,0,0,1,11,30
Adam Ratajczyk,Stal,16,0,12,4,18,1006
Adrian Soboń,Stal,0,0,0,0,4,0
Alex Vallejo,Stal,14,5,10,4,16,865
Bogdan Vastsuk,Stal,5,0,2,3,13,156
Piotr Wlazło,Stal,33,24,33,0,33,2814
Maciej Wolski,Stal,25,8,13,12,28,1300
Michael Wyparło,Stal,0,0,0,0,8,0
Paweł Żyra,Stal,19,3,10,9,29,810
Said Hamulic,Stal,17,6,14,3,17,1265
Mikołaj Lebedyński,Stal,27,3,10,17,32,1020
Rauno Sappinen,Stal,14,3,11,3,16,938
Rafał Leszczyński,Śląsk,20,20,20,0,33,1800
Oskar Mielcarz,Śląsk,0,0,0,0,5,0
Michał Szromnik,Śląsk,14,14,14,0,30,1260
Łukasz Bejger,Śląsk,21,15,21,0,27,1761
Adrian Bukowski,Śląsk,9,1,8,1,14,536
Victor Garcia,Śląsk,29,18,25,4,33,2208
Daniel Leo Gretarsson,Śląsk,28,24,25,3,29,2225
Patryk Janasik,Śląsk,19,14,15,4,19,1446
Martin Konczkowski,Śląsk,23,17,20,3,30,1847
Mariusz Pawelec,Śląsk,1,0,0,1,4,1
Konrad Poprawa,Śląsk,29,26,28,1,30,2502
Mateusz Stawny,Śląsk,2,1,1,1,9,103
Diogo Verdasca,Śląsk,21,13,20,1,30,1711
Olivier Wypart,Śląsk,0,0,0,0,4,0
Karol Borys,Śląsk,6,0,2,4,16,180
Łukasz Gerstenstein,Śląsk,1,0,0,1,5,2
Javier Ajenjo Hyjek,Śląsk,9,0,3,6,16,342
Dennis Jastrzembski,Śląsk,28,2,12,16,32,1097
Nahuel Leiva,Śląsk,29,7,20,9,29,1908
Adrian Łyszczarz,Śląsk,18,0,5,13,32,529
Patrick Olsen,Śląsk,27,24,26,1,28,2324
Michał Rzuchowski,Śląsk,19,7,10,9,27,1006
Petr Schwarz,Śląsk,25,16,22,3,25,2006
Marcel Zylla,Śląsk,2,0,0,2,4,17
Dawid Bałdyga,Śląsk,1,0,0,1,5,34
Sebastian Bergier,Śląsk,7,0,0,7,15,102
Erik Exposito,Śląsk,29,19,26,3,29,2310
Jakub Lutostański,Śląsk,0,0,0,0,1,0
Caye Quintana,Śląsk,18,0,11,7,27,867
Piotr Samiec-Talar,Śląsk,19,0,11,8,33,810
Patryk Szwedzik,Śląsk,9,0,2,7,12,236
John Yeboah,Śląsk,32,11,27,5,33,2442
Jędrzej Grobelny,Warta,6,5,5,1,34,481
Mateusz Kustosz,Warta,0,0,0,0,1,0
Adrian Lis,Warta,29,28,29,0,33,2579
Jan Grzesik,Warta,30,26,27,3,30,2480
Robert Ivanov,Warta,31,28,31,0,31,2664
Bartosz Kieliba,Warta,2,0,0,2,5,5
Jakub Kiełb,Warta,19,0,10,9,21,933
Kamil Kościelny,Warta,18,6,8,10,30,890
Konrad Matuszewski,Warta,31,13,27,4,31,2338
Wiktor Pleśnierowicz,Warta,15,2,5,10,32,509
Dimitris Stavropoulos,Warta,31,23,28,3,32,2576
Dawid Szymonowicz,Warta,33,32,33,0,33,2924
Milan Corryn,Warta,8,1,2,6,12,233
Jędrzej Hanuszczak,Warta,1,0,0,1,1,2
Michał Jakóbowski,Warta,3,0,1,2,10,74
Michał Kopczyński,Warta,28,7,18,10,32,1638
Nikolas Korzeniecki,Warta,0,0,0,0,5,0
Mateusz Kupczak,Warta,19,10,15,4,21,1370
Miguel Luis,Warta,28,1,21,7,29,1767
Niilo Maenpaa,Warta,31,2,19,12,31,1641
Jayson Papeau,Warta,1,0,0,1,1,35
Jakub Paszkowski,Warta,2,0,0,2,10,12
Mikołaj Rakowski,Warta,1,0,0,1,10,31
Szymon Sarbinowski,Warta,3,0,0,3,23,53
Stefan Savić,Warta,15,2,7,8,17,687
Miłosz Szczepański,Warta,28,0,18,10,31,1326
Marcin Szeibe,Warta,0,0,0,0,1,0
Kajetan Szmyt,Warta,31,9,19,12,33,1795
Maciej Żurawski,Warta,31,0,17,14,32,1469
Enis Destan,Warta,21,0,3,18,29,438
Wiktor Kamiński,Warta,2,0,0,2,3,23
Adam Zrelak,Warta,31,23,31,0,31,2657
Wasyl Łytwynenko,Widzew,0,0,0,0,17,0
Henrich Ravas,Widzew,33,33,33,0,34,2970
Jakub Wrąbel,Widzew,1,1,1,0,17,90
Bożidar Czorbadżijski,Widzew,11,3,5,6,34,475
Fabio Nunes,Widzew,14,4,13,1,15,992
Martin Kreuzriegler,Widzew,30,15,18,12,34,1801
Mato Milos,Widzew,24,10,19,5,24,1706
Patryk Stępiński,Widzew,33,23,32,1,33,2831
Serafin Szota,Widzew,27,22,25,2,33,2191
Paweł Zieliński,Widzew,23,5,13,10,32,1153
Mateusz Żyro,Widzew,30,18,25,5,30,2147
Andrejs Ciganiks,Widzew,15,3,10,5,17,843
Karol Danielak,Widzew,14,4,9,5,17,848
Ignacy Dawid,Widzew,1,0,0,1,5,13
Adam Dębiński,Widzew,1,0,0,1,2,4
Radosław Gołębiowski,Widzew,0,0,0,0,4,0
Marek Hanousek,Widzew,30,24,29,1,30,2504
Kristoffer Hansen,Widzew,23,0,2,21,31,494
Dominik Kun,Widzew,33,11,22,11,33,2121
Juliusz Letniowski,Widzew,31,0,16,15,33,1433
Patryk Lipski,Widzew,10,1,2,8,15,302
Bartłomiej Pawłowski,Widzew,32,15,31,1,33,2586
Juljan Shehu,Widzew,24,1,9,15,28,923
Jakub Sypek,Widzew,15,0,2,13,30,318
Ernest Terpiłowski,Widzew,25,6,25,0,25,1902
Filip Zawadzki,Widzew,3,0,1,2,9,60
Mateusz Kempski,Widzew,1,0,0,1,3,1
Jordi Sanchez,Widzew,29,18,23,6,29,2200
Łukasz Zjawiński,Widzew,19,1,9,10,27,752
Bartłomiej Gradecki,Wisła P,14,14,14,0,34,1260
Krzysztof Kamiński,Wisła P,20,20,20,0,33,1800
Oskar Lodziński,Wisła P,0,0,0,0,1,0
Adam Chrzanowski,Wisła P,17,12,14,3,30,1312
Igor Drapiński,Wisła P,7,0,2,5,17,202
Steve Kapuadi,Wisła P,26,25,26,0,26,2331
Anton Krywociuk,Wisła P,9,5,8,1,17,646
Wojciech Mazurowski,Wisła P,0,0,0,0,2,0
Damian Michalski,Wisła P,6,6,6,0,6,540
Aleksander Pawlak,Wisła P,23,12,18,5,28,1590
Jakub Rzeźniczak,Wisła P,25,20,24,1,30,2095
Martin Sulek,Wisła P,20,8,14,6,25,1326
Jakub Szymański,Wisła P,6,5,6,0,8,534
Piotr Tomasik,Wisła P,27,20,24,3,28,2155
Kristian Vallo,Wisła P,22,2,17,5,22,1275
Paweł Chrupałła,Wisła P,2,0,0,2,3,53
Radosław Cielemęcki,Wisła P,5,0,1,4,14,125
Davo,Wisła P,18,7,16,2,18,1376
Dominik Furman,Wisła P,33,17,31,2,33,2615
Miroslav Gono,Wisła P,4,0,1,3,15,71
Martin Hasek,Wisła P,3,0,0,3,6,15
Krzysztof Janus,Wisła P,1,0,0,1,1,21
Dawid Kocyła,Wisła P,20,0,6,14,22,638
Filip Lesniak,Wisła P,29,11,15,14,34,1629
Michał Mokrzycki,Wisła P,3,0,1,2,9,76
Damian Rasak,Wisła P,17,0,9,8,19,855
Mateusz Szwoch,Wisła P,28,11,27,1,29,2144
Rafał Wolski,Wisła P,30,14,30,0,30,2418
Marko Kolar,Wisła P,26,1,8,18,32,861
Milan Kvocera,Wisła P,10,0,0,10,23,138
Mateusz Lewandowski,Wisła P,16,0,4,12,19,542
Łukasz Sekulski,Wisła P,27,2,19,8,28,1592
Bartosz Śpiączka,Wisła P,13,1,11,2,13,849
Tomasz Walczak,Wisła P,3,0,0,3,5,18
Damian Warchoł,Wisła P,20,1,2,18,20,472
Kacper Bieszczad,Zagłębie,15,15,15,0,24,1350
Jasmin Burić,Zagłębie,5,5,5,0,27,450
Sokratis Dioudis,Zagłębie,14,14,14,0,15,1260
Szymon Weirauch,Zagłębie,0,0,0,0,2,0
Mateusz Bartolewski,Zagłębie,11,4,7,4,15,658
Kacper Chodyna,Zagłębie,33,19,28,5,34,2465
Guram Giorbelidze,Zagłębie,15,8,13,2,15,1122
Mateusz Grzybek,Zagłębie,16,12,13,3,16,1140
Jarosław Jach,Zagłębie,25,22,25,0,32,2176
Bartłomiej Kłudka,Zagłębie,21,18,19,2,24,1792
Bartosz Kopacz,Zagłębie,28,28,28,0,30,2520
Kacper Lepczyński,Zagłębie,0,0,0,0,15,0
Aleks Ławniczak,Zagłębie,27,25,25,2,32,2312
Luis Mata,Zagłębie,3,2,3,0,6,251
Damian Oko,Zagłębie,0,0,0,0,1,0
Damjan Bohar,Zagłębie,24,4,22,2,30,1641
Tornike Gaprindaszwili,Zagłębie,23,2,11,12,30,1058
Koki Hinokio,Zagłębie,8,1,2,6,14,274
Filip Kocaba,Zagłębie,3,0,1,2,5,141
Łukasz Łakomy,Zagłębie,34,20,32,2,34,2757
Tomasz Makowski,Zagłębie,28,12,16,12,30,1471
Tomasz Pieńko,Zagłębie,31,1,10,21,32,1116
Marko Poletanović,Zagłębie,24,6,18,6,29,1579
Adam Ratajczyk,Zagłębie,3,0,0,3,4,45
Filip Starzyński,Zagłębie,32,4,25,7,34,2009
Arkadiusz Woźniak,Zagłębie,11,1,3,8,28,283
Sasa Zivec,Zagłębie,14,0,2,12,17,373
Jakub Żubrowski,Zagłębie,2,0,1,1,9,86
Rafał Adamski,Zagłębie,19,3,9,10,25,954
Cheikhou Dieng,Zagłębie,6,1,3,3,11,289
Martin Dolezal,Zagłębie,20,0,11,9,25,868
Szymon Kobusiński,Zagłębie,5,0,0,5,10,95
Dawid Kurminowski,Zagłębie,14,1,11,3,14,931
Oliwier Sławiński,Zagłębie,0,0,0,0,1,0
Jakub Świerczok,Zagłębie,5,0,2,3,8,165
