ZAWODNIK,KLUB,GOLE,ASYSTY,KANADYJSKA,GOLE DRUŻYNY,% GOL,UDZIAŁ%,KAN+2.AS,UDZIAŁ % Z 2.AS
Ilja Szkurin,Stal Mielec,16,6,22,42,"38,1%","52,4%",23,"54,8%"
Pedro Henrique,Radomiak Radom,8,4,12,24,"33,3%","50,0%",12,"50,0%"
Erik Exposito,Śląsk Wrocław,19,5,24,50,"38,0%","48,0%",26,"52,0%"
Kamil Grosicki,Pogoń Szczecin,13,14,27,59,"22,0%","45,8%",32,"54,2%"
Kacper Chodyna,Zagłębie Lubin,7,10,17,43,"16,3%","39,5%",20,"46,5%"
Jorge Felix,Piast Gliwice,7,7,14,38,"18,4%","36,8%",16,"42,1%"
Daisuke Yokota,Górnik Zabrze,7,1,8,22,"31,8%","36,4%",9,"40,9%"
Soma Novothny,Ruch Chorzów,4,2,6,18,"22,2%","33,3%",6,"33,3%"
Dani Ramirez,ŁKS Łódź,9,2,11,34,"26,5%","32,4%",13,"38,2%"
Kristoffer Velde,Lech Poznań,10,5,15,47,"21,3%","31,9%",18,"38,3%"
Benjamin Kallman,Cracovia,9,5,14,45,"20,0%","31,1%",19,"42,2%"
Piotr Samiec-Talar,Śląsk Wrocław,7,8,15,50,"14,0%","30,0%",19,"38,0%"
Mikael Ishak,Lech Poznań,11,3,14,47,"23,4%","29,8%",14,"29,8%"
Kay Tejan,ŁKS Łódź,7,3,10,34,"20,6%","29,4%",11,"32,4%"
Bartłomiej Pawłowski,Widzew Łódź,8,5,13,45,"17,8%","28,9%",15,"33,3%"
Maciej Domański,Stal Mielec,3,9,12,42,"7,1%","28,6%",23,"54,8%"
Dawid Kurminowski,Zagłębie Lubin,12,0,12,43,"27,9%","27,9%",15,"34,9%"
Filip Marchwiński,Lech Poznań,8,5,13,47,"17,0%","27,7%",15,"31,9%"
Daniel Szczepan,Ruch Chorzów,10,1,11,40,"25,0%","27,5%",15,"37,5%"
Jewgienij Szykawka,Korona Kielce,10,1,11,40,"25,0%","27,5%",11,"27,5%"
Josue,Legia Warszawa,9,5,14,51,"17,6%","27,5%",17,"33,3%"
Kajetan Szmyt,Warta Poznań,7,2,9,33,"21,2%","27,3%",11,"33,3%"
Jordi Sanchez,Widzew Łódź,8,4,12,45,"17,8%","26,7%",16,"35,6%"
Ante Crnac,Raków Częstochowa,8,4,12,46,"17,4%","26,1%",16,"34,8%"
David Kristjan Olafsson,Cracovia,1,3,4,16,"6,3%","25,0%",4,"25,0%"
Michał Rakoczy,Cracovia,6,5,11,45,"13,3%","24,4%",15,"33,3%"
Efthymis Koulouris,Pogoń Szczecin,12,2,14,59,"20,3%","23,7%",20,"33,9%"
Michael Ameyaw,Piast Gliwice,6,3,9,38,"15,8%","23,7%",13,"34,2%"
Luka Vusković,Radomiak Radom,3,1,4,17,"17,6%","23,5%",4,"23,5%"
Artur Craciun,Puszcza Niepołomice,7,2,9,39,"17,9%","23,1%",12,"30,8%"
Kamil Zapolnik,Puszcza Niepołomice,5,4,9,39,"12,8%","23,1%",12,"30,8%"
Miłosz Kozak,Ruch Chorzów,2,6,8,35,"5,7%","22,9%",10,"28,6%"
Adrian Kapralik,Górnik Zabrze,7,3,10,44,"15,9%","22,7%",12,"27,3%"
Tomasz Swędrowski,Ruch Chorzów,4,1,5,22,"18,2%","22,7%",5,"22,7%"
Adrian Dalmau,Korona Kielce,5,4,9,40,"12,5%","22,5%",12,"30,0%"
Fran Alvarez,Widzew Łódź,6,4,10,45,"13,3%","22,2%",12,"26,7%"
Dominik Marczuk,Jagiellonia,6,11,17,77,"7,8%","22,1%",23,"29,9%"
Nene,Jagiellonia,9,8,17,77,"11,7%","22,1%",25,"32,5%"
Nahuel Leiva,Śląsk Wrocław,9,2,11,50,"18,0%","22,0%",12,"24,0%"
Rafał Wolski,Radomiak Radom,2,7,9,41,"4,9%","22,0%",10,"24,4%"
Marc Gual,Legia Warszawa,8,3,11,51,"15,7%","21,6%",14,"27,5%"
Patryk Dziczek,Piast Gliwice,8,0,8,38,"21,1%","21,1%",14,"36,8%"
Afimico Pululu,Jagiellonia,12,4,16,77,"15,6%","20,8%",21,"27,3%"
Bartłomiej Wdowik,Jagiellonia,10,6,16,77,"13,0%","20,8%",27,"35,1%"
Jesus Imaz,Jagiellonia,12,4,16,77,"15,6%","20,8%",23,"29,9%"
Bartosz Nowak,Raków Częstochowa,7,4,11,54,"13,0%","20,4%",13,"24,1%"
Alexander Gorgon,Pogoń Szczecin,8,4,12,59,"13,6%","20,3%",15,"25,4%"
Nono,Korona Kielce,4,4,8,40,"10,0%","20,0%",9,"22,5%"
Patryk Makuch,Cracovia,4,5,9,45,"8,9%","20,0%",15,"33,3%"
Sebastian Musiolik,Górnik Zabrze,4,5,9,45,"8,9%","20,0%",12,"26,7%"
Paweł Wszołek,Legia Warszawa,4,6,10,51,"7,8%","19,6%",18,"35,3%"
Danny Trejo,Korona Kielce,2,2,4,21,"9,5%","19,0%",5,"23,8%"
Kristoffer Hansen,Jagiellonia,9,3,12,65,"13,8%","18,5%",15,"23,1%"
Petr Schwarz,Śląsk Wrocław,3,6,9,50,"6,0%","18,0%",16,"32,0%"
Łukasz Sołowiej,Puszcza Niepołomice,6,1,7,39,"15,4%","17,9%",7,"17,9%"
Martin Remacle,Korona Kielce,6,1,7,40,"15,0%","17,5%",10,"25,0%"
Krystian Getinger,Stal Mielec,3,4,7,42,"7,1%","16,7%",10,"23,8%"
Mateusz Matras,Stal Mielec,3,4,7,42,"7,1%","16,7%",7,"16,7%"
Edi Semedo,Radomiak Radom,4,0,4,24,"16,7%","16,7%",6,"25,0%"
Fredrik Ulvestad,Pogoń Szczecin,6,3,9,56,"10,7%","16,1%",13,"23,2%"
Mateusz Wdowiak,Zagłębie Lubin,5,1,6,38,"13,2%","15,8%",7,"18,4%"
Tomas Pekhart,Legia Warszawa,8,0,8,51,"15,7%","15,7%",8,"15,7%"
Lukas Podolski,Górnik Zabrze,3,4,7,45,"6,7%","15,6%",11,"24,4%"
Imad Rondić,Widzew Łódź,5,2,7,45,"11,1%","15,6%",9,"20,0%"
Jani Atanasov,Cracovia,5,2,7,45,"11,1%","15,6%",8,"17,8%"
Karol Knap,Cracovia,4,3,7,45,"8,9%","15,6%",7,"15,6%"
Artur Siemaszko,Puszcza Niepołomice,5,1,6,39,"12,8%","15,4%",8,"20,5%"
Mateusz Cholewiak,Puszcza Niepołomice,3,3,6,39,"7,7%","15,4%",8,"20,5%"
Roman Jakuba,Puszcza Niepołomice,4,2,6,39,"10,3%","15,4%",7,"17,9%"
Wahan Biczachczjan,Pogoń Szczecin,5,4,9,59,"8,5%","15,3%",13,"22,0%"
Adam Zrelak,Warta Poznań,4,1,5,33,"12,1%","15,2%",8,"24,2%"
Mateusz Bartolewski,Ruch Chorzów,2,4,6,40,"5,0%","15,0%",6,"15,0%"
Michał Feliks,Ruch Chorzów,5,1,6,40,"12,5%","15,0%",7,"17,5%"
Joel Pereira,Lech Poznań,2,5,7,47,"4,3%","14,9%",12,"25,5%"
Adriel Ba Loua,Lech Poznań,4,3,7,47,"8,5%","14,9%",8,"17,0%"
John Yeboah,Raków Częstochowa,3,5,8,54,"5,6%","14,8%",10,"18,5%"
Lisandro Semedo,Radomiak Radom,4,2,6,41,"9,8%","14,6%",7,"17,1%"
Ernest Muci,Legia Warszawa,4,0,4,29,"13,8%","13,8%",7,"24,1%"
Lawrence Ennali,Górnik Zabrze,5,1,6,45,"11,1%","13,3%",8,"17,8%"
Antoni Klimek,Widzew Łódź,3,3,6,45,"6,7%","13,3%",10,"22,2%"
Władysław Koczerhin,Raków Częstochowa,5,2,7,54,"9,3%","13,0%",10,"18,5%"
Dawid Błanik,Korona Kielce,1,4,5,40,"2,5%","12,5%",5,"12,5%"
Dawid Abramowicz,Radomiak Radom,2,3,5,41,"4,9%","12,2%",11,"26,8%"
Dario Vizinger,Warta Poznań,1,3,4,33,"3,0%","12,1%",6,"18,2%"
Maciej Żurawski,Warta Poznań,4,0,4,33,"12,1%","12,1%",5,"15,2%"
Mateusz Kupczak,Warta Poznań,4,0,4,33,"12,1%","12,1%",5,"15,2%"
Miguel Luis,Warta Poznań,2,2,4,33,"6,1%","12,1%",7,"21,2%"
Koki Hinokio,Stal Mielec,3,2,5,42,"7,1%","11,9%",6,"14,3%"
Engjell Hoti,ŁKS Łódź,4,0,4,34,"11,8%","11,8%",4,"11,8%"
Radovan Pankov,Legia Warszawa,2,4,6,51,"3,9%","11,8%",10,"19,6%"
Piotr Janczukowicz,ŁKS Łódź,2,2,4,34,"5,9%","11,8%",8,"23,5%"
Stipe Jurić,ŁKS Łódź,4,0,4,34,"11,8%","11,8%",4,"11,8%"
Serhij Bułeca,Zagłębie Lubin,1,4,5,43,"2,3%","11,6%",8,"18,6%"
Damian Dąbrowski,Zagłębie Lubin,1,4,5,43,"2,3%","11,6%",12,"27,9%"
Sonny Kittel,Raków Częstochowa,3,1,4,35,"8,6%","11,4%",5,"14,3%"
Andrejs Ciganiks,Widzew Łódź,3,2,5,45,"6,7%","11,1%",5,"11,1%"
Dawid Drachal,Raków Częstochowa,3,3,6,54,"5,6%","11,1%",8,"14,8%"
Fabio Nunes,Widzew Łódź,2,3,5,45,"4,4%","11,1%",8,"17,8%"
Filip Szymczak,Lech Poznań,3,2,5,47,"6,4%","10,6%",8,"17,0%"
Jesper Karlstrom,Lech Poznań,2,3,5,47,"4,3%","10,6%",13,"27,7%"
Serhij Krykun,Piast Gliwice,3,1,4,38,"7,9%","10,5%",7,"18,4%"
Jose Naranjo,Jagiellonia,6,2,8,77,"7,8%","10,4%",12,"15,6%"
Jacek Podgórski,Korona Kielce,0,4,4,40,"0,0%","10,0%",8,"20,0%"
Tomasz Wójtowicz,Ruch Chorzów,2,2,4,40,"5,0%","10,0%",8,"20,0%"
Blaz Kramer,Legia Warszawa,4,1,5,51,"7,8%","9,8%",5,"9,8%"
Leonardo Rocha,Radomiak Radom,4,0,4,41,"9,8%","9,8%",4,"9,8%"
Luis Machado,Radomiak Radom,1,3,4,41,"2,4%","9,8%",5,"12,2%"
Łukasz Gerstenstein,Stal Mielec,2,2,4,42,"4,8%","9,5%",5,"11,9%"
Piotr Wlazło,Stal Mielec,1,3,4,42,"2,4%","9,5%",4,"9,5%"
Tomasz Makowski,Zagłębie Lubin,2,2,4,43,"4,7%","9,3%",7,"16,3%"
Bartosz Kopacz,Zagłębie Lubin,2,2,4,43,"4,7%","9,3%",5,"11,6%"
Juan Munoz,Zagłębie Lubin,4,0,4,43,"9,3%","9,3%",6,"14,0%"
Aleks Ławniczak,Zagłębie Lubin,4,0,4,43,"9,3%","9,3%",5,"11,6%"
Szymon Czyż,Górnik Zabrze,4,0,4,43,"9,3%","9,3%",6,"14,0%"
Giannis Papanikolaou,Raków Częstochowa,5,0,5,54,"9,3%","9,3%",6,"11,1%"
Łukasz Zwoliński,Raków Częstochowa,5,0,5,54,"9,3%","9,3%",7,"13,0%"
Virgil Ghita,Cracovia,4,0,4,45,"8,9%","8,9%",6,"13,3%"
Damian Rasak,Górnik Zabrze,2,2,4,45,"4,4%","8,9%",9,"20,0%"
Erik Janza,Górnik Zabrze,0,4,4,45,"0,0%","8,9%",4,"8,9%"
Dani Pacheco,Górnik Zabrze,1,3,4,45,"2,2%","8,9%",4,"8,9%"
Linus Wahlqvist,Pogoń Szczecin,0,5,5,59,"0,0%","8,5%",9,"15,3%"
Maciej Rosołek,Legia Warszawa,2,2,4,51,"3,9%","7,8%",5,"9,8%"
Juergen Elitim,Legia Warszawa,1,3,4,51,"2,0%","7,8%",6,"11,8%"
Srdan Plavsić,Raków Częstochowa,1,3,4,51,"2,0%","7,8%",6,"11,8%"
Bartosz Kapustka,Legia Warszawa,2,2,4,51,"3,9%","7,8%",5,"9,8%"
Taras Romanczuk,Jagiellonia,1,5,6,77,"1,3%","7,8%",9,"11,7%"
Fran Tudor,Raków Częstochowa,0,4,4,54,"0,0%","7,4%",8,"14,8%"
Bogdan Racovitan,Raków Częstochowa,3,1,4,54,"5,6%","7,4%",5,"9,3%"
Adrian Przyborek,Pogoń Szczecin,1,3,4,59,"1,7%","6,8%",4,"6,8%"
Jarosław Kubicki,Jagiellonia,1,3,4,77,"1,3%","5,2%",8,"10,4%"
Mateusz Skrzypczak,Jagiellonia,3,1,4,77,"3,9%","5,2%",4,"5,2%"
